Datei: konv3.csv

Iterationen fuer Gauss-Seidel (e = 1e-10):
 1: 1.7500000000 0.8750000000 0.7916666667
 2: 1.1145833333 0.9947916667 0.9635416667
 3: 1.0117187500 1.0032552083 0.9950086806
 4: 0.9996202257 1.0014377170 0.9996473524
 5: 0.9993693034 1.0004035102 1.0000757288
 6: 0.9997793127 1.0000914114 1.0000430920
 7: 0.9999435213 1.0000174664 1.0000130041
 8: 0.9999880158 1.0000027411 1.0000030810
 9: 0.9999978592 1.0000003001 1.0000006136
10: 0.9999996965 0.9999999983 1.0000001017
11: 0.9999999754 0.9999999869 1.0000000126
12: 1.0000000034 0.9999999951 1.0000000005
13: 1.0000000023 0.9999999987 0.9999999997
14: 1.0000000007 0.9999999997 0.9999999999
15: 1.0000000002 0.9999999999 1.0000000000
16: 1.0000000000 1.0000000000 1.0000000000
17: 1.0000000000 1.0000000000 1.0000000000

Iterationen fuer Jacobi (e = 1e-10):
 1: 1.7500000000 1.7500000000 1.6666666667
 2: 0.4583333333 0.4583333333 0.5000000000
 3: 1.3958333333 1.3958333333 1.3611111111
 4: 0.7118055556 0.7118055556 0.7361111111
 5: 1.2100694444 1.2100694444 1.1921296296
 6: 0.8469328704 0.8469328704 0.8599537037
 7: 1.1115451389 1.1115451389 1.1020447531
 8: 0.9187162423 0.9187162423 0.9256365741
 9: 1.0592327353 1.0592327353 1.0541891718
10: 0.9568363394 0.9568363394 0.9605115098
11: 1.0314539529 1.0314539529 1.0287757737
12: 0.9770790801 0.9770790801 0.9790306981
13: 1.0167027854 1.0167027854 1.0152806132
14: 0.9878284540 0.9878284540 0.9888648097
15: 1.0088695706 1.0088695706 1.0081143640
16: 0.9935366237 0.9935366237 0.9940869529
17: 1.0047099499 1.0047099499 1.0043089175
18: 0.9965677957 0.9965677957 0.9968600334
19: 1.0025010938 1.0025010938 1.0022881362
20: 0.9981774190 0.9981774190 0.9983326041
21: 1.0013281395 1.0013281395 1.0012150540
22: 0.9990321668 0.9990321668 0.9991145737
23: 1.0007052732 1.0007052732 1.0006452221
24: 0.9994860579 0.9994860579 0.9995298179
25: 1.0003745166 1.0003745166 1.0003426281
26: 0.9997270847 0.9997270847 0.9997503223
27: 1.0001988771 1.0001988771 1.0001819435
28: 0.9998550756 0.9998550756 0.9998674153
29: 1.0001056084 1.0001056084 1.0000966163
30: 0.9999230417 0.9999230417 0.9999295944
31: 1.0000560805 1.0000560805 1.0000513055
32: 0.9999591334 0.9999591334 0.9999626130
33: 1.0000297801 1.0000297801 1.0000272444
34: 0.9999782989 0.9999782989 0.9999801466
35: 1.0000158139 1.0000158139 1.0000144674
36: 0.9999884762 0.9999884762 0.9999894574
37: 1.0000083976 1.0000083976 1.0000076825
38: 0.9999938806 0.9999938806 0.9999944016
39: 1.0000044593 1.0000044593 1.0000040796
40: 0.9999967504 0.9999967504 0.9999970271
41: 1.0000023680 1.0000023680 1.0000021664
42: 0.9999982744 0.9999982744 0.9999984213
43: 1.0000012575 1.0000012575 1.0000011504
44: 0.9999990837 0.9999990837 0.9999991617
45: 1.0000006677 1.0000006677 1.0000006109
46: 0.9999995134 0.9999995134 0.9999995548
47: 1.0000003546 1.0000003546 1.0000003244
48: 0.9999997416 0.9999997416 0.9999997636
49: 1.0000001883 1.0000001883 1.0000001723
50: 0.9999998628 0.9999998628 0.9999998745
51: 1.0000001000 1.0000001000 1.0000000915
52: 0.9999999271 0.9999999271 0.9999999333
53: 1.0000000531 1.0000000531 1.0000000486
54: 0.9999999613 0.9999999613 0.9999999646
55: 1.0000000282 1.0000000282 1.0000000258
56: 0.9999999795 0.9999999795 0.9999999812
57: 1.0000000150 1.0000000150 1.0000000137
58: 0.9999999891 0.9999999891 0.9999999900
59: 1.0000000080 1.0000000080 1.0000000073
60: 0.9999999942 0.9999999942 0.9999999947
61: 1.0000000042 1.0000000042 1.0000000039
62: 0.9999999969 0.9999999969 0.9999999972
63: 1.0000000022 1.0000000022 1.0000000021
64: 0.9999999984 0.9999999984 0.9999999985
65: 1.0000000012 1.0000000012 1.0000000011
66: 0.9999999991 0.9999999991 0.9999999992
67: 1.0000000006 1.0000000006 1.0000000006
68: 0.9999999995 0.9999999995 0.9999999996
69: 1.0000000003 1.0000000003 1.0000000003
70: 0.9999999998 0.9999999998 0.9999999998
71: 1.0000000002 1.0000000002 1.0000000002
72: 0.9999999999 0.9999999999 0.9999999999
73: 1.0000000001 1.0000000001 1.0000000001
74: 0.9999999999 0.9999999999 0.9999999999
75: 1.0000000001 1.0000000001 1.0000000000
76: 1.0000000000 1.0000000000 1.0000000000
